# unix_time, cycles_done, cur_path, paths_total, pending_total, pending_favs, map_size, unique_crashes, unique_hangs, max_depth, execs_per_sec
1549838498, 0, 0, 4, 4, 1, 0.75%, 0, 0, 1, 8000.00
1549838504, 0, 13, 109, 103, 27, 1.02%, 0, 0, 3, 16779.46
1549838509, 0, 36, 113, 97, 17, 1.02%, 0, 0, 3, 18354.85
1549838514, 0, 106, 124, 96, 5, 1.02%, 0, 0, 4, 18894.28
1549838519, 2, 40, 129, 90, 0, 1.03%, 0, 0, 4, 19330.71
1549838524, 2, 111, 131, 80, 0, 1.03%, 0, 0, 4, 19872.93
1549838529, 3, 12, 138, 79, 0, 1.03%, 0, 0, 6, 18875.58
1549838534, 4, 79, 139, 68, 0, 1.03%, 0, 0, 6, 18537.17
1549838539, 4, 131, 140, 62, 0, 1.03%, 0, 0, 6, 18919.89
1549838544, 6, 41, 141, 54, 0, 1.03%, 0, 0, 6, 18180.24
1549838550, 6, 138, 142, 48, 0, 1.03%, 0, 0, 7, 18166.50
1549838555, 7, 96, 142, 41, 0, 1.03%, 0, 0, 7, 18903.99
1549838560, 8, 28, 142, 36, 0, 1.03%, 0, 0, 7, 18084.19
1549838565, 8, 136, 142, 29, 0, 1.03%, 0, 0, 7, 18389.84
1549838570, 9, 16, 144, 29, 0, 1.03%, 0, 0, 8, 17458.44
1549838575, 10, 51, 144, 26, 0, 1.03%, 0, 0, 8, 17084.00
1549838580, 11, 122, 145, 21, 0, 1.03%, 0, 0, 8, 17895.90
1549838586, 12, 94, 147, 16, 0, 1.05%, 0, 0, 8, 18619.70
1549838591, 13, 29, 148, 13, 0, 1.05%, 0, 0, 8, 17660.39
1549838596, 14, 132, 148, 9, 0, 1.05%, 0, 0, 8, 18030.21
1549838601, 16, 26, 148, 8, 0, 1.05%, 0, 0, 8, 16874.11
1549838606, 18, 12, 148, 6, 0, 1.05%, 0, 0, 8, 15915.20
1549838611, 18, 149, 150, 4, 1, 1.05%, 0, 0, 8, 17267.07
1549838616, 20, 108, 150, 2, 0, 1.05%, 0, 0, 8, 17554.88
1549838621, 22, 36, 150, 1, 0, 1.05%, 0, 0, 8, 17468.99
1549838627, 24, 30, 150, 0, 0, 1.05%, 0, 0, 8, 17199.79
1549838632, 26, 30, 150, 0, 0, 1.05%, 0, 0, 8, 17138.83
1549838637, 28, 45, 150, 0, 0, 1.05%, 0, 0, 8, 16867.65
1549838642, 30, 114, 150, 0, 0, 1.05%, 0, 0, 8, 17093.36
1549838647, 32, 135, 150, 0, 0, 1.05%, 0, 0, 8, 16584.63
1549838652, 34, 30, 154, 2, 0, 1.05%, 0, 0, 8, 17046.47
1549838657, 35, 150, 154, 2, 0, 1.05%, 0, 0, 8, 16821.37
1549838662, 37, 113, 154, 1, 0, 1.05%, 0, 0, 8, 17424.82
1549838667, 38, 154, 155, 1, 0, 1.05%, 0, 0, 8, 18083.03
1549838672, 40, 150, 156, 1, 0, 1.05%, 0, 0, 8, 17021.95
1549838678, 42, 149, 156, 1, 0, 1.05%, 0, 0, 8, 16510.37
1549838683, 45, 30, 156, 1, 0, 1.05%, 0, 0, 8, 16808.68
1549838688, 46, 155, 157, 2, 0, 1.05%, 0, 0, 8, 17249.55
1549838693, 47, 157, 159, 3, 0, 1.05%, 0, 0, 8, 16636.95
1549838698, 49, 106, 159, 2, 0, 1.05%, 0, 0, 8, 16970.04
1549838703, 50, 114, 159, 1, 0, 1.05%, 0, 0, 8, 16419.47
1549838708, 51, 156, 159, 1, 0, 1.05%, 0, 0, 8, 16896.38
1549838713, 53, 135, 159, 0, 0, 1.05%, 0, 0, 8, 16433.57
1549838719, 55, 146, 159, 0, 0, 1.05%, 0, 0, 8, 16501.01
1549838724, 58, 7, 159, 0, 0, 1.05%, 0, 0, 8, 16862.05
1549838729, 60, 30, 159, 0, 0, 1.05%, 0, 0, 8, 16512.46
1549838734, 62, 33, 159, 0, 0, 1.05%, 0, 0, 8, 16668.25
1549838739, 64, 74, 159, 0, 0, 1.05%, 0, 0, 8, 17152.72
1549838744, 66, 135, 159, 0, 0, 1.05%, 0, 0, 8, 17089.65
1549838749, 69, 12, 159, 0, 0, 1.05%, 0, 0, 8, 17160.10
1549838754, 71, 24, 159, 0, 0, 1.05%, 0, 0, 8, 17220.89
1549838759, 73, 36, 159, 0, 0, 1.05%, 0, 0, 8, 17372.34
1549838764, 75, 94, 159, 0, 0, 1.05%, 0, 0, 8, 16710.73
1549838769, 77, 45, 159, 0, 0, 1.05%, 0, 0, 8, 16685.94
1549838775, 79, 104, 159, 0, 0, 1.05%, 0, 0, 8, 17407.75
1549838780, 81, 136, 159, 0, 0, 1.05%, 0, 0, 8, 17411.22
1549838785, 83, 150, 159, 0, 0, 1.05%, 0, 0, 8, 17138.52
1549838790, 86, 32, 159, 0, 0, 1.05%, 0, 0, 8, 17158.37
1549838795, 88, 45, 159, 0, 0, 1.05%, 0, 0, 8, 17379.34
1549838800, 90, 91, 159, 0, 0, 1.05%, 0, 0, 8, 17219.43
1549838805, 92, 117, 159, 0, 0, 1.05%, 0, 0, 8, 17252.95
1549838810, 94, 150, 159, 0, 0, 1.05%, 0, 0, 8, 16468.05
1549838815, 97, 7, 159, 0, 0, 1.05%, 0, 0, 8, 16721.10
1549838820, 99, 32, 159, 0, 0, 1.05%, 0, 0, 8, 17170.81
1549838825, 101, 48, 159, 0, 0, 1.05%, 0, 0, 8, 16563.69
1549838831, 103, 113, 159, 0, 0, 1.05%, 0, 0, 8, 17197.12
1549838836, 105, 114, 159, 0, 0, 1.05%, 0, 0, 8, 17146.05
1549838841, 107, 149, 159, 0, 0, 1.05%, 0, 0, 8, 17120.77
1549838846, 110, 19, 159, 0, 0, 1.05%, 0, 0, 8, 17477.56
1549838851, 112, 29, 159, 0, 0, 1.05%, 0, 0, 8, 17461.95
1549838856, 114, 32, 159, 0, 0, 1.05%, 0, 0, 8, 17032.30
1549838861, 116, 50, 159, 0, 0, 1.05%, 0, 0, 8, 17381.90
1549838866, 118, 64, 159, 0, 0, 1.05%, 0, 0, 8, 16141.61
1549838871, 120, 72, 159, 0, 0, 1.05%, 0, 0, 8, 15602.57
1549838876, 122, 135, 160, 1, 0, 1.05%, 0, 0, 8, 17162.59
1549838881, 125, 7, 160, 1, 0, 1.05%, 0, 0, 8, 17251.64
1549838886, 126, 159, 160, 1, 0, 1.05%, 0, 0, 8, 17065.80
1549838891, 128, 136, 160, 0, 0, 1.05%, 0, 0, 8, 17504.36
1549838897, 130, 104, 160, 0, 0, 1.05%, 0, 0, 8, 17060.32
1549838902, 132, 136, 160, 0, 0, 1.05%, 0, 0, 8, 17291.88
1549838907, 135, 7, 160, 0, 0, 1.05%, 0, 0, 8, 17234.10
1549838912, 136, 153, 160, 0, 0, 1.05%, 0, 0, 8, 16016.72
1549838917, 139, 10, 160, 0, 0, 1.05%, 0, 0, 8, 17350.53
1549838922, 141, 7, 160, 0, 0, 1.05%, 0, 0, 8, 17018.08
1549838927, 143, 29, 160, 0, 0, 1.05%, 0, 0, 8, 17205.94
1549838932, 145, 30, 160, 0, 0, 1.05%, 0, 0, 8, 17257.65
1549838937, 147, 29, 161, 1, 0, 1.05%, 0, 0, 8, 17116.23
1549838942, 149, 32, 161, 1, 0, 1.05%, 0, 0, 8, 17365.60
1549838947, 151, 56, 161, 1, 0, 1.05%, 0, 0, 8, 17222.65
1549838952, 152, 138, 161, 0, 0, 1.05%, 0, 0, 8, 17650.20
1549838957, 154, 138, 161, 0, 0, 1.05%, 0, 0, 8, 17187.08
1549838963, 157, 7, 161, 0, 0, 1.05%, 0, 0, 8, 16639.60
1549838968, 158, 148, 161, 0, 0, 1.05%, 0, 0, 8, 15993.41
1549838973, 160, 150, 161, 0, 0, 1.05%, 0, 0, 8, 16818.88
1549838978, 163, 7, 161, 0, 0, 1.05%, 0, 0, 8, 17363.21
1549838983, 165, 29, 161, 0, 0, 1.05%, 0, 0, 8, 17321.98
1549838988, 167, 33, 161, 0, 0, 1.05%, 0, 0, 8, 17148.45
1549838993, 169, 32, 161, 0, 0, 1.05%, 0, 0, 8, 17318.94
1549838998, 171, 36, 161, 0, 0, 1.05%, 0, 0, 8, 16801.79
1549839003, 173, 33, 161, 0, 0, 1.05%, 0, 0, 8, 16919.47
1549839008, 175, 45, 161, 0, 0, 1.05%, 0, 0, 8, 16823.74
1549839013, 177, 51, 161, 0, 0, 1.05%, 0, 0, 8, 16149.82
1549839018, 179, 36, 161, 0, 0, 1.05%, 0, 0, 8, 16209.99
1549839024, 181, 94, 161, 0, 0, 1.05%, 0, 0, 8, 16366.11
1549839029, 183, 104, 161, 0, 0, 1.05%, 0, 0, 8, 15922.57
1549839034, 185, 71, 161, 0, 0, 1.05%, 0, 0, 8, 16075.01
1549839039, 187, 68, 161, 0, 0, 1.05%, 0, 0, 8, 16430.17
1549839044, 189, 60, 161, 0, 0, 1.05%, 0, 0, 8, 16933.79
1549839049, 191, 94, 161, 0, 0, 1.05%, 0, 0, 8, 17317.89
1549839054, 193, 104, 161, 0, 0, 1.05%, 0, 0, 8, 17103.47
1549839059, 195, 26, 162, 0, 0, 1.05%, 0, 0, 8, 17906.25
1549839064, 197, 24, 162, 0, 0, 1.05%, 0, 0, 8, 16818.77
1549839069, 199, 19, 162, 0, 0, 1.05%, 0, 0, 8, 17346.95
1549839074, 201, 7, 162, 0, 0, 1.05%, 0, 0, 8, 16915.30
1549839079, 203, 30, 162, 0, 0, 1.05%, 0, 0, 8, 16256.24
1549839085, 205, 32, 162, 0, 0, 1.05%, 0, 0, 8, 17293.56
1549839090, 207, 50, 162, 0, 0, 1.05%, 0, 0, 8, 17355.20
1549839095, 209, 105, 162, 0, 0, 1.05%, 0, 0, 8, 17558.63
1549839100, 211, 94, 164, 2, 0, 1.05%, 0, 0, 8, 15852.18
1549839105, 211, 163, 169, 7, 0, 1.05%, 0, 0, 8, 14890.12
1549839120, 211, 164, 169, 6, 0, 1.05%, 0, 0, 8, 13413.92
1549839140, 211, 166, 169, 5, 0, 1.05%, 0, 0, 8, 13885.49
1549839150, 211, 167, 170, 5, 0, 1.05%, 0, 0, 8, 16637.48
1549839156, 212, 168, 171, 5, 0, 1.05%, 0, 0, 8, 17733.05
1549839161, 213, 162, 171, 4, 0, 1.05%, 0, 0, 8, 16722.41
1549839171, 213, 170, 173, 5, 0, 1.05%, 0, 0, 8, 15068.87
1549839181, 214, 173, 174, 5, 0, 1.05%, 0, 0, 8, 17540.11
1549839186, 215, 171, 174, 3, 0, 1.05%, 0, 0, 8, 17989.09
1549839196, 216, 169, 174, 2, 0, 1.05%, 0, 0, 8, 16166.21
1549839212, 218, 73, 174, 1, 0, 1.05%, 0, 0, 8, 15383.88
1549839217, 220, 103, 174, 1, 0, 1.05%, 0, 0, 8, 15302.04
1549839222, 222, 30, 175, 2, 0, 1.05%, 0, 0, 8, 15214.97
1549839227, 223, 113, 175, 2, 0, 1.05%, 0, 0, 8, 15565.22
1549839232, 225, 105, 175, 2, 0, 1.05%, 0, 0, 8, 15463.00
1549839237, 225, 172, 175, 2, 0, 1.05%, 0, 0, 8, 14091.31
1549839258, 226, 45, 176, 1, 0, 1.05%, 0, 0, 8, 16813.71
1549839263, 227, 175, 176, 1, 0, 1.05%, 0, 0, 8, 16321.80
1549839273, 229, 50, 176, 0, 0, 1.05%, 0, 0, 8, 15725.78
1549839278, 231, 19, 176, 0, 0, 1.05%, 0, 0, 8, 14981.76
1549839283, 233, 12, 176, 0, 0, 1.05%, 0, 0, 8, 14931.63
1549839288, 234, 164, 176, 0, 0, 1.05%, 0, 0, 8, 15472.74
1549839293, 236, 150, 176, 0, 0, 1.05%, 0, 0, 8, 16154.60
1549839299, 238, 135, 176, 0, 0, 1.05%, 0, 0, 8, 15891.71
1549839304, 240, 105, 176, 0, 0, 1.05%, 0, 0, 8, 15328.05
1549839309, 241, 168, 176, 0, 0, 1.05%, 0, 0, 8, 15110.02
1549839314, 243, 106, 176, 0, 0, 1.05%, 0, 0, 8, 15588.44
1549839319, 245, 36, 176, 0, 0, 1.05%, 0, 0, 8, 15806.78
1549839324, 246, 173, 176, 0, 0, 1.05%, 0, 0, 8, 15049.75
1549839329, 248, 114, 176, 0, 0, 1.05%, 0, 0, 8, 15738.88
1549839334, 250, 30, 176, 0, 0, 1.05%, 0, 0, 8, 15343.19
1549839339, 252, 19, 176, 0, 0, 1.05%, 0, 0, 8, 15274.52
1549839344, 253, 167, 176, 0, 0, 1.05%, 0, 0, 8, 15622.72
1549839350, 255, 106, 176, 0, 0, 1.05%, 0, 0, 8, 16136.13
1549839355, 257, 36, 176, 0, 0, 1.05%, 0, 0, 8, 16176.89
1549839360, 259, 10, 176, 0, 0, 1.05%, 0, 0, 8, 16059.00
1549839365, 260, 146, 176, 0, 0, 1.05%, 0, 0, 8, 15348.90
1549839370, 262, 92, 176, 0, 0, 1.05%, 0, 0, 8, 15596.55
1549839375, 264, 45, 176, 0, 0, 1.05%, 0, 0, 8, 15306.17
1549839380, 266, 10, 176, 0, 0, 1.05%, 0, 0, 8, 15172.84
1549839385, 267, 135, 176, 0, 0, 1.05%, 0, 0, 8, 15257.09
1549839390, 269, 71, 176, 0, 0, 1.05%, 0, 0, 8, 15299.84
1549839395, 271, 19, 176, 0, 0, 1.05%, 0, 0, 8, 14849.19
1549839401, 272, 167, 176, 0, 0, 1.05%, 0, 0, 8, 14823.43
1549839406, 274, 135, 176, 0, 0, 1.05%, 0, 0, 8, 15949.14
1549839411, 276, 135, 176, 0, 0, 1.05%, 0, 0, 8, 16159.49
1549839416, 278, 103, 176, 0, 0, 1.05%, 0, 0, 8, 16093.45
1549839421, 280, 32, 176, 0, 0, 1.05%, 0, 0, 8, 15920.26
1549839426, 281, 167, 176, 0, 0, 1.05%, 0, 0, 8, 15786.87
1549839431, 283, 135, 176, 0, 0, 1.05%, 0, 0, 8, 15864.50
1549839436, 285, 107, 176, 0, 0, 1.05%, 0, 0, 8, 15508.53
1549839441, 287, 45, 176, 0, 0, 1.05%, 0, 0, 8, 15946.68
1549839446, 289, 19, 176, 0, 0, 1.05%, 0, 0, 8, 15963.10
1549839452, 290, 149, 176, 0, 0, 1.05%, 0, 0, 8, 15898.73
1549839457, 292, 114, 176, 0, 0, 1.05%, 0, 0, 8, 16010.82
1549839462, 294, 36, 176, 0, 0, 1.05%, 0, 0, 8, 15946.39
1549839467, 296, 7, 176, 0, 0, 1.05%, 0, 0, 8, 15414.50
1549839472, 297, 117, 176, 0, 0, 1.05%, 0, 0, 8, 15463.92
1549839477, 299, 26, 176, 0, 0, 1.05%, 0, 0, 8, 15500.33
1549839482, 300, 156, 176, 0, 0, 1.05%, 0, 0, 8, 14909.92
1549839487, 302, 108, 176, 0, 0, 1.05%, 0, 0, 8, 14434.74
1549839492, 304, 104, 176, 0, 0, 1.05%, 0, 0, 8, 15249.76
1549839497, 306, 94, 176, 0, 0, 1.05%, 0, 0, 8, 14783.58
1549839503, 308, 19, 176, 0, 0, 1.05%, 0, 0, 8, 15319.53
1549839508, 310, 10, 176, 0, 0, 1.05%, 0, 0, 8, 15572.98
1549839513, 311, 104, 176, 0, 0, 1.05%, 0, 0, 8, 16127.66
1549839518, 313, 105, 176, 0, 0, 1.05%, 0, 0, 8, 16169.75
1549839523, 315, 121, 176, 0, 0, 1.05%, 0, 0, 8, 15928.39
1549839528, 317, 82, 176, 0, 0, 1.05%, 0, 0, 8, 16327.98
1549839533, 319, 51, 176, 0, 0, 1.05%, 0, 0, 8, 15580.17
1549839538, 321, 48, 176, 0, 0, 1.05%, 0, 0, 8, 15455.50
1549839543, 323, 7, 176, 0, 0, 1.05%, 0, 0, 8, 15247.65
1549839548, 324, 113, 176, 0, 0, 1.05%, 0, 0, 8, 15173.37
1549839554, 326, 12, 176, 0, 0, 1.05%, 0, 0, 8, 15551.53
1549839559, 328, 19, 176, 0, 0, 1.05%, 0, 0, 8, 15553.15
1549839564, 329, 169, 176, 0, 0, 1.05%, 0, 0, 8, 15861.99
1549839569, 331, 150, 176, 0, 0, 1.05%, 0, 0, 8, 15983.29
1549839574, 333, 103, 176, 0, 0, 1.05%, 0, 0, 8, 16302.18
1549839579, 335, 50, 176, 0, 0, 1.05%, 0, 0, 8, 15848.91
1549839584, 337, 36, 176, 0, 0, 1.05%, 0, 0, 8, 16038.18
1549839589, 339, 45, 176, 0, 0, 1.05%, 0, 0, 8, 16201.50
1549839594, 341, 26, 176, 0, 0, 1.05%, 0, 0, 8, 15907.45
1549839599, 342, 135, 176, 0, 0, 1.05%, 0, 0, 8, 15358.90
1549839605, 344, 45, 176, 0, 0, 1.05%, 0, 0, 8, 13620.74
1549839610, 345, 146, 176, 0, 0, 1.05%, 0, 0, 8, 13426.28
1549839615, 347, 114, 176, 0, 0, 1.05%, 0, 0, 8, 13429.46
1549839620, 349, 12, 176, 0, 0, 1.05%, 0, 0, 8, 14818.14
1549839625, 350, 138, 176, 0, 0, 1.05%, 0, 0, 8, 15260.12
1549839630, 352, 114, 176, 0, 0, 1.05%, 0, 0, 8, 15735.43
1549839635, 354, 19, 176, 0, 0, 1.05%, 0, 0, 8, 15401.68
1549839640, 356, 10, 176, 0, 0, 1.05%, 0, 0, 8, 15763.10
1549839645, 357, 160, 176, 0, 0, 1.05%, 0, 0, 8, 15855.80
1549839650, 359, 147, 176, 0, 0, 1.05%, 0, 0, 8, 15767.04
1549839656, 361, 24, 176, 0, 0, 1.05%, 0, 0, 8, 15050.98
1549839661, 362, 169, 176, 0, 0, 1.05%, 0, 0, 8, 15569.86
1549839666, 364, 136, 176, 0, 0, 1.05%, 0, 0, 8, 16241.15
1549839671, 366, 136, 176, 0, 0, 1.05%, 0, 0, 8, 15823.61
1549839676, 368, 103, 176, 0, 0, 1.05%, 0, 0, 8, 16101.27
1549839681, 370, 113, 176, 0, 0, 1.05%, 0, 0, 8, 16238.80
1549839686, 372, 105, 176, 0, 0, 1.05%, 0, 0, 8, 15709.77
1549839691, 374, 30, 176, 0, 0, 1.05%, 0, 0, 8, 15257.95
1549839696, 376, 7, 176, 0, 0, 1.05%, 0, 0, 8, 15858.64
1549839701, 377, 114, 176, 0, 0, 1.05%, 0, 0, 8, 15398.23
1549839707, 379, 36, 176, 0, 0, 1.05%, 0, 0, 8, 15298.98
1549839712, 381, 12, 176, 0, 0, 1.05%, 0, 0, 8, 16047.28
1549839717, 382, 146, 176, 0, 0, 1.05%, 0, 0, 8, 16148.81
1549839722, 384, 136, 176, 0, 0, 1.05%, 0, 0, 8, 16007.82
1549839727, 386, 146, 176, 0, 0, 1.05%, 0, 0, 8, 16135.33
1549839732, 388, 114, 176, 0, 0, 1.05%, 0, 0, 8, 15148.82
1549839737, 390, 41, 176, 0, 0, 1.05%, 0, 0, 8, 15848.85
1549839742, 392, 12, 176, 0, 0, 1.05%, 0, 0, 8, 15695.24
1549839747, 393, 136, 176, 0, 0, 1.05%, 0, 0, 8, 15857.24
1549839752, 395, 104, 176, 0, 0, 1.05%, 0, 0, 8, 15557.81
1549839758, 397, 82, 176, 0, 0, 1.05%, 0, 0, 8, 15272.35
1549839763, 399, 16, 176, 0, 0, 1.05%, 0, 0, 8, 14954.96
1549839768, 400, 146, 176, 0, 0, 1.05%, 0, 0, 8, 15166.25
1549839773, 402, 138, 176, 0, 0, 1.05%, 0, 0, 8, 15254.58
1549839778, 404, 113, 176, 0, 0, 1.05%, 0, 0, 8, 15411.93
1549839783, 406, 106, 176, 0, 0, 1.05%, 0, 0, 8, 15948.92
1549839788, 408, 36, 176, 0, 0, 1.05%, 0, 0, 8, 16048.89
1549839793, 409, 165, 176, 0, 0, 1.05%, 0, 0, 8, 16357.02
1549839799, 411, 149, 176, 0, 0, 1.05%, 0, 0, 8, 16223.64
1549839804, 413, 135, 176, 0, 0, 1.05%, 0, 0, 8, 15915.84
1549839809, 415, 103, 176, 0, 0, 1.05%, 0, 0, 8, 15286.78
1549839814, 417, 30, 176, 0, 0, 1.05%, 0, 0, 8, 15484.33
1549839819, 418, 136, 176, 0, 0, 1.05%, 0, 0, 8, 16031.57
1549839824, 420, 103, 176, 0, 0, 1.05%, 0, 0, 8, 16135.59
1549839829, 422, 19, 176, 0, 0, 1.05%, 0, 0, 8, 15380.61
1549839834, 423, 136, 176, 0, 0, 1.05%, 0, 0, 8, 15174.68
1549839839, 425, 149, 176, 0, 0, 1.05%, 0, 0, 8, 15924.59
1549839844, 427, 47, 176, 0, 0, 1.05%, 0, 0, 8, 15597.29
1549839849, 429, 3, 176, 0, 0, 1.05%, 0, 0, 8, 15251.46
1549839855, 431, 7, 176, 0, 0, 1.05%, 0, 0, 8, 15949.47
1549839860, 432, 138, 176, 0, 0, 1.05%, 0, 0, 8, 16059.53
1549839865, 434, 116, 176, 0, 0, 1.05%, 0, 0, 8, 15606.38
1549839870, 436, 107, 176, 0, 0, 1.05%, 0, 0, 8, 15223.91
1549839875, 438, 45, 176, 0, 0, 1.05%, 0, 0, 8, 14960.30
1549839880, 440, 19, 176, 0, 0, 1.05%, 0, 0, 8, 15590.13
1549839885, 441, 149, 176, 0, 0, 1.05%, 0, 0, 8, 15312.30
1549839890, 443, 104, 176, 0, 0, 1.05%, 0, 0, 8, 15583.57
1549839895, 445, 51, 176, 0, 0, 1.05%, 0, 0, 8, 15334.04
1549839900, 446, 168, 176, 0, 0, 1.05%, 0, 0, 8, 15257.04
1549839906, 448, 138, 176, 0, 0, 1.05%, 0, 0, 8, 15532.00
1549839911, 450, 108, 176, 0, 0, 1.05%, 0, 0, 8, 15279.07
1549839916, 452, 33, 176, 0, 0, 1.05%, 0, 0, 8, 15291.84
1549839921, 454, 12, 176, 0, 0, 1.05%, 0, 0, 8, 15444.76
1549839926, 455, 158, 176, 0, 0, 1.05%, 0, 0, 8, 15193.65
1549839931, 457, 138, 176, 0, 0, 1.05%, 0, 0, 8, 15928.62
1549839936, 459, 48, 176, 0, 0, 1.05%, 0, 0, 8, 15077.79
1549839941, 461, 30, 176, 0, 0, 1.05%, 0, 0, 8, 15634.36
1549839946, 463, 12, 176, 0, 0, 1.05%, 0, 0, 8, 15779.88
1549839951, 464, 146, 176, 0, 0, 1.05%, 0, 0, 8, 15342.21
1549839956, 466, 135, 176, 0, 0, 1.05%, 0, 0, 8, 15994.67
1549839962, 468, 113, 176, 0, 0, 1.05%, 0, 0, 8, 16039.30
1549839967, 470, 114, 176, 0, 0, 1.05%, 0, 0, 8, 16376.36
1549839972, 472, 114, 176, 0, 0, 1.05%, 0, 0, 8, 15238.33
1549839977, 474, 73, 176, 0, 0, 1.05%, 0, 0, 8, 14635.66
1549839982, 476, 30, 176, 0, 0, 1.05%, 0, 0, 8, 14789.60
1549839987, 477, 138, 176, 0, 0, 1.05%, 0, 0, 8, 15088.32
1549839992, 479, 96, 176, 0, 0, 1.05%, 0, 0, 8, 15450.79
1549839997, 481, 36, 176, 0, 0, 1.05%, 0, 0, 8, 15812.81
1549840002, 482, 166, 176, 0, 0, 1.05%, 0, 0, 8, 15462.16
1549840007, 484, 117, 176, 0, 0, 1.05%, 0, 0, 8, 15006.34
1549840012, 486, 30, 176, 0, 0, 1.05%, 0, 0, 8, 15303.50
1549840018, 488, 7, 176, 0, 0, 1.05%, 0, 0, 8, 15072.10
1549840023, 489, 135, 176, 0, 0, 1.05%, 0, 0, 8, 14197.42
1549840028, 491, 36, 176, 0, 0, 1.05%, 0, 0, 8, 15035.18
1549840033, 493, 36, 176, 0, 0, 1.05%, 0, 0, 8, 15409.82
1549840038, 494, 175, 176, 0, 0, 1.05%, 0, 0, 8, 15292.96
1549840043, 496, 114, 176, 0, 0, 1.05%, 0, 0, 8, 15157.33
1549840048, 498, 114, 176, 0, 0, 1.05%, 0, 0, 8, 15383.61
1549840053, 500, 125, 176, 0, 0, 1.05%, 0, 0, 8, 15600.72
1549840058, 502, 103, 176, 0, 0, 1.05%, 0, 0, 8, 15379.41
1549840064, 504, 50, 176, 0, 0, 1.05%, 0, 0, 8, 15327.95
1549840069, 506, 30, 176, 0, 0, 1.05%, 0, 0, 8, 15509.74
1549840074, 507, 149, 176, 0, 0, 1.05%, 0, 0, 8, 15125.44
1549840079, 509, 135, 176, 0, 0, 1.05%, 0, 0, 8, 14803.10
1549840084, 511, 113, 176, 0, 0, 1.05%, 0, 0, 8, 15505.01
1549840089, 512, 172, 176, 0, 0, 1.05%, 0, 0, 8, 15239.74
1549840094, 514, 135, 176, 0, 0, 1.05%, 0, 0, 8, 15179.84
1549840099, 516, 135, 176, 0, 0, 1.05%, 0, 0, 8, 15336.58
1549840104, 518, 103, 176, 0, 0, 1.05%, 0, 0, 8, 15387.17
1549840109, 520, 32, 176, 0, 0, 1.05%, 0, 0, 8, 15561.45
1549840115, 522, 32, 176, 0, 0, 1.05%, 0, 0, 8, 15255.01
1549840120, 524, 7, 176, 0, 0, 1.05%, 0, 0, 8, 15623.17
1549840125, 525, 114, 176, 0, 0, 1.05%, 0, 0, 8, 15220.87
1549840130, 527, 75, 176, 0, 0, 1.05%, 0, 0, 8, 15154.83
1549840135, 529, 13, 176, 0, 0, 1.05%, 0, 0, 8, 15358.09
1549840140, 531, 10, 176, 0, 0, 1.05%, 0, 0, 8, 15669.26
1549840145, 532, 160, 176, 0, 0, 1.05%, 0, 0, 8, 15775.81
1549840150, 534, 113, 176, 0, 0, 1.05%, 0, 0, 8, 16122.73
1549840155, 536, 106, 176, 0, 0, 1.05%, 0, 0, 8, 16071.04
1549840160, 538, 26, 176, 0, 0, 1.05%, 0, 0, 8, 15763.75
1549840166, 540, 12, 176, 0, 0, 1.05%, 0, 0, 8, 16157.81
1549840171, 541, 175, 176, 0, 0, 1.05%, 0, 0, 8, 16190.88
1549840176, 543, 136, 176, 0, 0, 1.05%, 0, 0, 8, 15869.99
1549840181, 545, 103, 176, 0, 0, 1.05%, 0, 0, 8, 15652.66
1549840186, 547, 26, 176, 0, 0, 1.05%, 0, 0, 8, 15370.56
1549840191, 548, 168, 176, 0, 0, 1.05%, 0, 0, 8, 15548.66
1549840196, 550, 104, 176, 0, 0, 1.05%, 0, 0, 8, 15464.44
1549840201, 552, 106, 176, 0, 0, 1.05%, 0, 0, 8, 14940.27
1549840206, 554, 10, 176, 0, 0, 1.05%, 0, 0, 8, 14334.32
1549840211, 555, 146, 176, 0, 0, 1.05%, 0, 0, 8, 14801.89
1549840216, 557, 107, 176, 0, 0, 1.05%, 0, 0, 8, 15388.55
1549840221, 559, 103, 176, 0, 0, 1.05%, 0, 0, 8, 15985.53
1549840227, 561, 45, 176, 0, 0, 1.05%, 0, 0, 8, 15850.12
1549840232, 563, 12, 176, 0, 0, 1.05%, 0, 0, 8, 16152.97
1549840237, 564, 149, 176, 0, 0, 1.05%, 0, 0, 8, 15986.27
1549840242, 566, 148, 176, 0, 0, 1.05%, 0, 0, 8, 15826.66
1549840247, 568, 33, 176, 0, 0, 1.05%, 0, 0, 8, 15467.41
1549840252, 570, 45, 176, 0, 0, 1.05%, 0, 0, 8, 15273.10
1549840257, 572, 36, 176, 0, 0, 1.05%, 0, 0, 8, 15679.40
1549840262, 574, 19, 176, 0, 0, 1.05%, 0, 0, 8, 16083.86
1549840267, 575, 149, 176, 0, 0, 1.05%, 0, 0, 8, 16154.34
1549840273, 577, 150, 176, 0, 0, 1.05%, 0, 0, 8, 15925.42
1549840278, 579, 114, 176, 0, 0, 1.05%, 0, 0, 8, 16158.78
1549840283, 581, 108, 176, 0, 0, 1.05%, 0, 0, 8, 15834.01
1549840288, 583, 37, 176, 0, 0, 1.05%, 0, 0, 8, 15098.15
1549840293, 585, 48, 176, 0, 0, 1.05%, 0, 0, 8, 15804.73
1549840298, 587, 33, 176, 0, 0, 1.05%, 0, 0, 8, 16029.72
1549840303, 589, 10, 176, 0, 0, 1.05%, 0, 0, 8, 15609.72
1549840308, 590, 146, 176, 0, 0, 1.05%, 0, 0, 8, 15714.56
1549840313, 592, 48, 176, 0, 0, 1.05%, 0, 0, 8, 15997.59
1549840318, 594, 7, 176, 0, 0, 1.05%, 0, 0, 8, 16046.47
1549840323, 596, 10, 176, 0, 0, 1.05%, 0, 0, 8, 16070.59
1549840329, 598, 7, 176, 0, 0, 1.05%, 0, 0, 8, 15928.43
1549840334, 599, 146, 176, 0, 0, 1.05%, 0, 0, 8, 15975.39
1549840339, 601, 73, 176, 0, 0, 1.05%, 0, 0, 8, 14694.97
1549840344, 603, 33, 176, 0, 0, 1.05%, 0, 0, 8, 15341.32
1549840349, 604, 169, 176, 0, 0, 1.05%, 0, 0, 8, 14615.69
1549840354, 606, 135, 176, 0, 0, 1.05%, 0, 0, 8, 15301.72
1549840359, 608, 104, 176, 0, 0, 1.05%, 0, 0, 8, 15416.75
1549840364, 610, 30, 176, 0, 0, 1.05%, 0, 0, 8, 16096.47
1549840369, 611, 150, 176, 0, 0, 1.05%, 0, 0, 8, 16097.99
1549840374, 614, 7, 176, 0, 0, 1.05%, 0, 0, 8, 16151.20
1549840380, 616, 13, 176, 0, 0, 1.05%, 0, 0, 8, 16288.49
1549840385, 618, 7, 176, 0, 0, 1.05%, 0, 0, 8, 16271.12
1549840390, 620, 2, 176, 0, 0, 1.05%, 0, 0, 8, 16080.03
1549840395, 621, 135, 176, 0, 0, 1.05%, 0, 0, 8, 16197.26
1549840400, 623, 138, 176, 0, 0, 1.05%, 0, 0, 8, 16271.33
1549840405, 625, 106, 176, 0, 0, 1.05%, 0, 0, 8, 16336.23
1549840410, 627, 50, 176, 0, 0, 1.05%, 0, 0, 8, 15542.53
1549840415, 629, 45, 176, 0, 0, 1.05%, 0, 0, 8, 15574.24
1549840420, 630, 169, 176, 0, 0, 1.05%, 0, 0, 8, 15363.52
1549840425, 632, 146, 176, 0, 0, 1.05%, 0, 0, 8, 15383.61
1549840430, 634, 113, 176, 0, 0, 1.05%, 0, 0, 8, 15091.62
1549840435, 636, 50, 176, 0, 0, 1.05%, 0, 0, 8, 15501.00
1549840441, 638, 24, 176, 0, 0, 1.05%, 0, 0, 8, 15350.76
1549840446, 639, 149, 176, 0, 0, 1.05%, 0, 0, 8, 15473.26
1549840451, 641, 135, 176, 0, 0, 1.05%, 0, 0, 8, 15440.75
1549840456, 643, 107, 176, 0, 0, 1.05%, 0, 0, 8, 15531.87
1549840461, 645, 36, 176, 0, 0, 1.05%, 0, 0, 8, 15345.57
1549840466, 647, 10, 176, 0, 0, 1.05%, 0, 0, 8, 15399.96
1549840471, 648, 135, 176, 0, 0, 1.05%, 0, 0, 8, 15097.62
1549840476, 650, 121, 176, 0, 0, 1.05%, 0, 0, 8, 15283.44
1549840481, 652, 114, 176, 0, 0, 1.05%, 0, 0, 8, 16154.45
1549840486, 654, 114, 176, 0, 0, 1.05%, 0, 0, 8, 16127.17
1549840491, 656, 106, 176, 0, 0, 1.05%, 0, 0, 8, 16333.37
1549840496, 658, 112, 176, 0, 0, 1.05%, 0, 0, 8, 16380.99
1549840502, 660, 103, 176, 0, 0, 1.05%, 0, 0, 8, 16209.61
1549840507, 662, 10, 176, 0, 0, 1.05%, 0, 0, 8, 16029.92
1549840512, 663, 133, 176, 0, 0, 1.05%, 0, 0, 8, 15471.70
1549840517, 665, 66, 176, 0, 0, 1.05%, 0, 0, 8, 15776.50
1549840522, 667, 30, 176, 0, 0, 1.05%, 0, 0, 8, 15871.41
1549840527, 669, 32, 176, 0, 0, 1.05%, 0, 0, 8, 16269.73
1549840532, 671, 45, 176, 0, 0, 1.05%, 0, 0, 8, 16367.00
1549840537, 673, 36, 176, 0, 0, 1.05%, 0, 0, 8, 16067.82
1549840542, 675, 12, 176, 0, 0, 1.05%, 0, 0, 8, 15564.81
1549840547, 677, 26, 176, 0, 0, 1.05%, 0, 0, 8, 16329.48
1549840552, 678, 166, 176, 0, 0, 1.05%, 0, 0, 8, 15690.66
1549840557, 680, 104, 176, 0, 0, 1.05%, 0, 0, 8, 15821.43
1549840563, 682, 50, 176, 0, 0, 1.05%, 0, 0, 8, 15620.46
1549840568, 684, 33, 176, 0, 0, 1.05%, 0, 0, 8, 16073.99
1549840573, 686, 10, 176, 0, 0, 1.05%, 0, 0, 8, 16016.77
1549840578, 688, 7, 176, 0, 0, 1.05%, 0, 0, 8, 16316.23
1549840583, 689, 170, 176, 0, 0, 1.05%, 0, 0, 8, 15929.29
1549840588, 691, 127, 176, 0, 0, 1.05%, 0, 0, 8, 16231.40
1549840593, 693, 58, 176, 0, 0, 1.05%, 0, 0, 8, 16396.90
1549840598, 695, 32, 176, 0, 0, 1.05%, 0, 0, 8, 15953.03
1549840603, 697, 28, 176, 0, 0, 1.05%, 0, 0, 8, 16307.25
1549840608, 699, 12, 176, 0, 0, 1.05%, 0, 0, 8, 16104.62
1549840613, 701, 10, 176, 0, 0, 1.05%, 0, 0, 8, 15600.50
1549840619, 703, 12, 176, 0, 0, 1.05%, 0, 0, 8, 15895.20
1549840624, 704, 138, 176, 0, 0, 1.05%, 0, 0, 8, 15514.62
1549840629, 706, 135, 176, 0, 0, 1.05%, 0, 0, 8, 15417.62
1549840634, 708, 33, 176, 0, 0, 1.05%, 0, 0, 8, 16300.97
1549840639, 710, 12, 176, 0, 0, 1.05%, 0, 0, 8, 16210.16
1549840644, 711, 143, 176, 0, 0, 1.05%, 0, 0, 8, 16075.31
1549840649, 714, 7, 176, 0, 0, 1.05%, 0, 0, 8, 16303.90
1549840654, 716, 12, 176, 0, 0, 1.05%, 0, 0, 8, 16441.84
1549840659, 717, 172, 176, 0, 0, 1.05%, 0, 0, 8, 15968.48
1549840664, 719, 146, 176, 0, 0, 1.05%, 0, 0, 8, 15761.77
1549840669, 721, 142, 176, 0, 0, 1.05%, 0, 0, 8, 15281.25
1549840675, 723, 117, 176, 0, 0, 1.05%, 0, 0, 8, 15704.95
1549840680, 725, 108, 176, 0, 0, 1.05%, 0, 0, 8, 15535.23
1549840685, 727, 103, 176, 0, 0, 1.05%, 0, 0, 8, 16055.40
1549840690, 729, 108, 176, 0, 0, 1.05%, 0, 0, 8, 15877.97
1549840695, 731, 117, 176, 0, 0, 1.05%, 0, 0, 8, 16280.81
1549840700, 733, 136, 176, 0, 0, 1.05%, 0, 0, 8, 16140.89
1549840705, 735, 148, 176, 0, 0, 1.05%, 0, 0, 8, 16252.64
1549840710, 737, 126, 176, 0, 0, 1.05%, 0, 0, 8, 15984.89
1549840715, 739, 104, 176, 0, 0, 1.05%, 0, 0, 8, 16295.22
1549840720, 741, 32, 176, 0, 0, 1.05%, 0, 0, 8, 15911.19
1549840726, 742, 135, 176, 0, 0, 1.05%, 0, 0, 8, 15248.30
1549840731, 744, 114, 176, 0, 0, 1.05%, 0, 0, 8, 15655.10
1549840736, 746, 114, 176, 0, 0, 1.05%, 0, 0, 8, 15597.31
1549840741, 748, 58, 176, 0, 0, 1.05%, 0, 0, 8, 14841.19
1549840746, 750, 19, 176, 0, 0, 1.05%, 0, 0, 8, 15287.79
1549840751, 752, 26, 176, 0, 0, 1.05%, 0, 0, 8, 15378.64
1549840756, 753, 138, 176, 0, 0, 1.05%, 0, 0, 8, 15324.97
1549840761, 755, 138, 176, 0, 0, 1.05%, 0, 0, 8, 15617.13
1549840766, 757, 32, 176, 0, 0, 1.05%, 0, 0, 8, 15476.56
1549840771, 759, 33, 176, 0, 0, 1.05%, 0, 0, 8, 15699.86
1549840776, 761, 29, 176, 0, 0, 1.05%, 0, 0, 8, 15746.99
1549840782, 763, 10, 176, 0, 0, 1.05%, 0, 0, 8, 15783.32
1549840787, 764, 148, 176, 0, 0, 1.05%, 0, 0, 8, 16371.91
1549840792, 766, 51, 176, 0, 0, 1.05%, 0, 0, 8, 16129.61
1549840797, 768, 30, 176, 0, 0, 1.05%, 0, 0, 8, 16016.93
1549840802, 770, 32, 176, 0, 0, 1.05%, 0, 0, 8, 15703.25
1549840807, 772, 29, 176, 0, 0, 1.05%, 0, 0, 8, 15917.47
1549840812, 773, 149, 176, 0, 0, 1.05%, 0, 0, 8, 15626.41
1549840817, 775, 103, 176, 0, 0, 1.05%, 0, 0, 8, 15270.14
1549840822, 777, 103, 176, 0, 0, 1.05%, 0, 0, 8, 15857.45
1549840827, 779, 51, 176, 0, 0, 1.05%, 0, 0, 8, 15588.57
1549840832, 781, 30, 176, 0, 0, 1.05%, 0, 0, 8, 15673.90
1549840838, 783, 7, 176, 0, 0, 1.05%, 0, 0, 8, 15658.18
1549840843, 785, 26, 176, 0, 0, 1.05%, 0, 0, 8, 16239.29
1549840848, 786, 146, 176, 0, 0, 1.05%, 0, 0, 8, 16026.55
1549840853, 788, 51, 176, 0, 0, 1.05%, 0, 0, 8, 16309.04
1549840858, 790, 32, 176, 0, 0, 1.05%, 0, 0, 8, 15665.80
1549840863, 792, 7, 176, 0, 0, 1.05%, 0, 0, 8, 16211.52
1549840868, 793, 168, 176, 0, 0, 1.05%, 0, 0, 8, 16415.49
1549840873, 795, 36, 176, 0, 0, 1.05%, 0, 0, 8, 14644.98
1549840878, 797, 12, 176, 0, 0, 1.05%, 0, 0, 8, 14737.81
1549840883, 799, 30, 176, 0, 0, 1.05%, 0, 0, 8, 16005.44
1549840889, 801, 34, 176, 0, 0, 1.05%, 0, 0, 8, 16197.46
1549840894, 803, 32, 176, 0, 0, 1.05%, 0, 0, 8, 15542.29
1549840899, 805, 26, 176, 0, 0, 1.05%, 0, 0, 8, 16103.77
1549840904, 807, 29, 176, 0, 0, 1.05%, 0, 0, 8, 16296.46
1549840909, 809, 10, 176, 0, 0, 1.05%, 0, 0, 8, 15934.64
1549840914, 810, 149, 176, 0, 0, 1.05%, 0, 0, 8, 15623.49
1549840919, 812, 103, 176, 0, 0, 1.05%, 0, 0, 8, 14621.88
1549840924, 814, 58, 176, 0, 0, 1.05%, 0, 0, 8, 16029.36
1549840929, 816, 19, 176, 0, 0, 1.05%, 0, 0, 8, 16182.07
1549840934, 818, 26, 176, 0, 0, 1.05%, 0, 0, 8, 16221.05
1549840940, 819, 103, 176, 0, 0, 1.05%, 0, 0, 8, 16150.26
1549840945, 821, 32, 176, 0, 0, 1.05%, 0, 0, 8, 15610.65
1549840950, 823, 10, 176, 0, 0, 1.05%, 0, 0, 8, 16031.32
1549840955, 824, 173, 176, 0, 0, 1.05%, 0, 0, 8, 16373.55
1549840960, 826, 113, 176, 0, 0, 1.05%, 0, 0, 8, 15639.67
1549840965, 828, 58, 176, 0, 0, 1.05%, 0, 0, 8, 14997.01
1549840970, 830, 50, 176, 0, 0, 1.05%, 0, 0, 8, 16192.62
1549840975, 832, 36, 176, 0, 0, 1.05%, 0, 0, 8, 16131.64
1549840980, 834, 32, 176, 0, 0, 1.05%, 0, 0, 8, 16258.19
1549840985, 836, 30, 176, 0, 0, 1.05%, 0, 0, 8, 16142.95
1549840990, 837, 149, 176, 0, 0, 1.05%, 0, 0, 8, 15620.34
1549840996, 839, 114, 176, 0, 0, 1.05%, 0, 0, 8, 15787.76
1549841001, 841, 50, 176, 0, 0, 1.05%, 0, 0, 8, 15553.95
1549841006, 843, 29, 176, 0, 0, 1.05%, 0, 0, 8, 16032.90
1549841011, 845, 12, 176, 0, 0, 1.05%, 0, 0, 8, 15878.67
1549841016, 846, 171, 176, 0, 0, 1.05%, 0, 0, 8, 15743.37
1549841021, 848, 138, 176, 0, 0, 1.05%, 0, 0, 8, 15451.01
1549841026, 850, 105, 176, 0, 0, 1.05%, 0, 0, 8, 15426.60
1549841031, 852, 135, 176, 0, 0, 1.05%, 0, 0, 8, 15838.65
1549841036, 854, 108, 176, 0, 0, 1.05%, 0, 0, 8, 15789.67
1549841041, 856, 45, 176, 0, 0, 1.05%, 0, 0, 8, 15854.18
1549841046, 857, 149, 176, 0, 0, 1.05%, 0, 0, 8, 15450.82
1549841051, 859, 108, 176, 0, 0, 1.05%, 0, 0, 8, 15083.16
1549841057, 861, 113, 176, 0, 0, 1.05%, 0, 0, 8, 15347.31
1549841062, 863, 94, 176, 0, 0, 1.05%, 0, 0, 8, 15564.84
1549841067, 864, 169, 176, 0, 0, 1.05%, 0, 0, 8, 15638.44
1549841072, 866, 117, 176, 0, 0, 1.05%, 0, 0, 8, 15378.94
1549841077, 868, 94, 176, 0, 0, 1.05%, 0, 0, 8, 15845.71
1549841082, 870, 48, 176, 0, 0, 1.05%, 0, 0, 8, 15848.59
1549841087, 872, 19, 176, 0, 0, 1.05%, 0, 0, 8, 15974.13
1549841092, 873, 149, 176, 0, 0, 1.05%, 0, 0, 8, 16158.70
1549841097, 875, 32, 176, 0, 0, 1.05%, 0, 0, 8, 15811.21
1549841102, 876, 167, 176, 0, 0, 1.05%, 0, 0, 8, 16136.06
1549841108, 878, 156, 176, 0, 0, 1.05%, 0, 0, 8, 15831.99
1549841113, 880, 146, 176, 0, 0, 1.05%, 0, 0, 8, 15704.12
1549841118, 883, 10, 176, 0, 0, 1.05%, 0, 0, 8, 15793.02
1549841123, 885, 10, 176, 0, 0, 1.05%, 0, 0, 8, 15571.33
1549841128, 886, 170, 176, 0, 0, 1.05%, 0, 0, 8, 16159.72
1549841133, 888, 117, 176, 0, 0, 1.05%, 0, 0, 8, 15987.62
1549841138, 890, 106, 176, 0, 0, 1.05%, 0, 0, 8, 15876.55
1549841143, 892, 62, 176, 0, 0, 1.05%, 0, 0, 8, 15644.59
1549841148, 894, 36, 176, 0, 0, 1.05%, 0, 0, 8, 15648.35
1549841153, 896, 10, 176, 0, 0, 1.05%, 0, 0, 8, 16107.17
1549841158, 898, 1, 176, 0, 0, 1.05%, 0, 0, 8, 16002.25
1549841164, 899, 136, 176, 0, 0, 1.05%, 0, 0, 8, 15586.15
1549841169, 901, 109, 176, 0, 0, 1.05%, 0, 0, 8, 15763.75
1549841174, 903, 48, 176, 0, 0, 1.05%, 0, 0, 8, 15658.70
1549841179, 905, 33, 176, 0, 0, 1.05%, 0, 0, 8, 15841.69
1549841184, 907, 12, 176, 0, 0, 1.05%, 0, 0, 8, 15808.53
1549841189, 908, 149, 176, 0, 0, 1.05%, 0, 0, 8, 15624.28
1549841194, 910, 149, 176, 0, 0, 1.05%, 0, 0, 8, 15690.96
1549841199, 912, 114, 176, 0, 0, 1.05%, 0, 0, 8, 15829.65
1549841204, 914, 107, 176, 0, 0, 1.05%, 0, 0, 8, 15809.75
1549841209, 916, 135, 176, 0, 0, 1.05%, 0, 0, 8, 16323.33
1549841214, 918, 136, 176, 0, 0, 1.05%, 0, 0, 8, 16049.91
1549841220, 920, 113, 176, 0, 0, 1.05%, 0, 0, 8, 16067.69
1549841225, 922, 107, 176, 0, 0, 1.05%, 0, 0, 8, 16080.37
1549841230, 924, 94, 176, 0, 0, 1.05%, 0, 0, 8, 15655.22
1549841235, 926, 64, 176, 0, 0, 1.05%, 0, 0, 8, 15885.13
1549841240, 928, 50, 176, 0, 0, 1.05%, 0, 0, 8, 16233.89
1549841245, 930, 30, 176, 0, 0, 1.05%, 0, 0, 8, 15839.75
1549841250, 932, 29, 176, 0, 0, 1.05%, 0, 0, 8, 16249.37
1549841255, 934, 30, 176, 0, 0, 1.05%, 0, 0, 8, 15805.01
1549841260, 936, 26, 176, 0, 0, 1.05%, 0, 0, 8, 16040.43
1549841265, 938, 12, 176, 0, 0, 1.05%, 0, 0, 8, 15630.18
1549841270, 940, 32, 176, 0, 0, 1.05%, 0, 0, 8, 15827.01
1549841276, 942, 29, 176, 0, 0, 1.05%, 0, 0, 8, 16035.87
1549841281, 943, 150, 176, 0, 0, 1.05%, 0, 0, 8, 15906.82
1549841286, 945, 149, 176, 0, 0, 1.05%, 0, 0, 8, 15919.56
1549841291, 947, 149, 176, 0, 0, 1.05%, 0, 0, 8, 15891.95
1549841296, 949, 149, 176, 0, 0, 1.05%, 0, 0, 8, 16006.48
1549841301, 951, 146, 176, 0, 0, 1.05%, 0, 0, 8, 15902.32
1549841306, 953, 113, 176, 0, 0, 1.05%, 0, 0, 8, 15397.98
1549841311, 955, 114, 176, 0, 0, 1.05%, 0, 0, 8, 15999.63
1549841316, 957, 103, 176, 0, 0, 1.05%, 0, 0, 8, 15656.93
1549841321, 959, 36, 176, 0, 0, 1.05%, 0, 0, 8, 15923.91
1549841326, 961, 12, 176, 0, 0, 1.05%, 0, 0, 8, 15947.40
1549841332, 963, 7, 176, 0, 0, 1.05%, 0, 0, 8, 15822.22
1549841337, 964, 162, 176, 0, 0, 1.05%, 0, 0, 8, 15722.35
1549841342, 966, 135, 176, 0, 0, 1.05%, 0, 0, 8, 16130.35
1549841347, 968, 135, 176, 0, 0, 1.05%, 0, 0, 8, 16068.11
1549841352, 970, 114, 176, 0, 0, 1.05%, 0, 0, 8, 15584.68
1549841357, 972, 108, 176, 0, 0, 1.05%, 0, 0, 8, 16200.84
1549841362, 974, 103, 176, 0, 0, 1.05%, 0, 0, 8, 15744.43
1549841367, 976, 103, 176, 0, 0, 1.05%, 0, 0, 8, 15954.57
1549841372, 978, 107, 176, 0, 0, 1.05%, 0, 0, 8, 16089.92
1549841377, 980, 104, 176, 0, 0, 1.05%, 0, 0, 8, 15604.09
1549841382, 982, 45, 176, 0, 0, 1.05%, 0, 0, 8, 16126.06
1549841387, 984, 30, 176, 0, 0, 1.05%, 0, 0, 8, 16128.76
1549841392, 986, 32, 176, 0, 0, 1.05%, 0, 0, 8, 16353.13
1549841398, 988, 37, 176, 0, 0, 1.05%, 0, 0, 8, 16389.92
1549841403, 990, 30, 176, 0, 0, 1.05%, 0, 0, 8, 16236.52
1549841408, 992, 30, 176, 0, 0, 1.05%, 0, 0, 8, 16064.15
1549841413, 993, 146, 176, 0, 0, 1.05%, 0, 0, 8, 15604.35
1549841418, 995, 48, 176, 0, 0, 1.05%, 0, 0, 8, 15631.05
1549841423, 996, 175, 176, 0, 0, 1.05%, 0, 0, 8, 15868.47
1549841428, 998, 143, 176, 0, 0, 1.05%, 0, 0, 8, 15920.14
1549841433, 1000, 103, 176, 0, 0, 1.05%, 0, 0, 8, 15838.87
1549841438, 1002, 51, 176, 0, 0, 1.05%, 0, 0, 8, 15628.04
1549841443, 1004, 30, 176, 0, 0, 1.05%, 0, 0, 8, 15833.07
1549841448, 1006, 10, 176, 0, 0, 1.05%, 0, 0, 8, 15306.45
1549841454, 1008, 10, 176, 0, 0, 1.05%, 0, 0, 8, 14885.04
1549841459, 1009, 136, 176, 0, 0, 1.05%, 0, 0, 8, 15680.28
1549841464, 1011, 136, 176, 0, 0, 1.05%, 0, 0, 8, 15494.32
1549841469, 1013, 48, 176, 0, 0, 1.05%, 0, 0, 8, 15202.88
1549841474, 1015, 12, 176, 0, 0, 1.05%, 0, 0, 8, 14861.20
1549841479, 1016, 117, 176, 0, 0, 1.05%, 0, 0, 8, 15798.52
1549841484, 1018, 114, 176, 0, 0, 1.05%, 0, 0, 8, 15627.73
1549841489, 1020, 33, 176, 0, 0, 1.05%, 0, 0, 8, 15662.51
1549841494, 1022, 22, 176, 0, 0, 1.05%, 0, 0, 8, 16148.06
1549841499, 1024, 2, 176, 0, 0, 1.05%, 0, 0, 8, 16069.75
1549841505, 1025, 135, 176, 0, 0, 1.05%, 0, 0, 8, 15883.74
1549841510, 1027, 127, 176, 0, 0, 1.05%, 0, 0, 8, 16285.55
1549841515, 1029, 51, 176, 0, 0, 1.05%, 0, 0, 8, 14899.63
1549841520, 1031, 27, 176, 0, 0, 1.05%, 0, 0, 8, 15483.08
1549841525, 1033, 26, 176, 0, 0, 1.05%, 0, 0, 8, 15926.60
1549841530, 1035, 33, 176, 0, 0, 1.05%, 0, 0, 8, 16354.84
1549841535, 1037, 33, 176, 0, 0, 1.05%, 0, 0, 8, 15894.57
1549841540, 1039, 29, 176, 0, 0, 1.05%, 0, 0, 8, 15868.53
1549841545, 1041, 7, 176, 0, 0, 1.05%, 0, 0, 8, 16064.71
1549841550, 1043, 0, 176, 0, 0, 1.05%, 0, 0, 8, 15565.72
1549841555, 1045, 10, 176, 0, 0, 1.05%, 0, 0, 8, 15842.68
1549841561, 1046, 171, 176, 0, 0, 1.05%, 0, 0, 8, 15247.34
1549841566, 1049, 7, 176, 0, 0, 1.05%, 0, 0, 8, 16343.36
1549841571, 1051, 7, 176, 0, 0, 1.05%, 0, 0, 8, 16511.78
1549841576, 1052, 146, 176, 0, 0, 1.05%, 0, 0, 8, 16479.95
1549841581, 1054, 149, 176, 0, 0, 1.05%, 0, 0, 8, 16179.32
1549841586, 1056, 136, 176, 0, 0, 1.05%, 0, 0, 8, 16498.60
1549841591, 1058, 79, 176, 0, 0, 1.05%, 0, 0, 8, 16299.38
1549841596, 1060, 51, 176, 0, 0, 1.05%, 0, 0, 8, 16228.72
1549841601, 1062, 66, 176, 0, 0, 1.05%, 0, 0, 8, 15949.86
1549841606, 1064, 48, 176, 0, 0, 1.05%, 0, 0, 8, 15678.69
1549841611, 1066, 32, 176, 0, 0, 1.05%, 0, 0, 8, 15576.66
1549841616, 1068, 11, 176, 0, 0, 1.05%, 0, 0, 8, 16241.65
1549841622, 1069, 149, 176, 0, 0, 1.05%, 0, 0, 8, 16117.62
1549841627, 1071, 114, 176, 0, 0, 1.05%, 0, 0, 8, 15057.60
1549841632, 1073, 48, 176, 0, 0, 1.05%, 0, 0, 8, 15836.47
1549841637, 1075, 26, 176, 0, 0, 1.05%, 0, 0, 8, 15832.43
1549841642, 1077, 10, 176, 0, 0, 1.05%, 0, 0, 8, 16042.03
1549841647, 1078, 150, 176, 0, 0, 1.05%, 0, 0, 8, 16297.75
1549841652, 1081, 10, 176, 0, 0, 1.05%, 0, 0, 8, 15890.67
1549841657, 1082, 108, 176, 0, 0, 1.05%, 0, 0, 8, 16132.69
1549841662, 1084, 51, 176, 0, 0, 1.05%, 0, 0, 8, 15925.90
1549841667, 1086, 51, 176, 0, 0, 1.05%, 0, 0, 8, 15658.11
1549841673, 1088, 66, 176, 0, 0, 1.05%, 0, 0, 8, 16008.11
1549841678, 1090, 51, 176, 0, 0, 1.05%, 0, 0, 8, 16037.47
1549841683, 1092, 36, 176, 0, 0, 1.05%, 0, 0, 8, 16017.02
1549841688, 1093, 150, 176, 0, 0, 1.05%, 0, 0, 8, 16381.52
1549841693, 1095, 106, 176, 0, 0, 1.05%, 0, 0, 8, 16044.62
1549841698, 1097, 32, 176, 0, 0, 1.05%, 0, 0, 8, 15435.29
1549841703, 1099, 19, 176, 0, 0, 1.05%, 0, 0, 8, 16335.00
1549841708, 1101, 29, 176, 0, 0, 1.05%, 0, 0, 8, 16240.00
1549841713, 1103, 36, 176, 0, 0, 1.05%, 0, 0, 8, 16229.55
1549841718, 1105, 50, 176, 0, 0, 1.05%, 0, 0, 8, 15932.68
1549841724, 1107, 32, 176, 0, 0, 1.05%, 0, 0, 8, 15790.00
1549841729, 1109, 7, 176, 0, 0, 1.05%, 0, 0, 8, 15461.76
1549841734, 1110, 161, 176, 0, 0, 1.05%, 0, 0, 8, 16290.67
1549841739, 1112, 135, 176, 0, 0, 1.05%, 0, 0, 8, 16490.40
1549841744, 1114, 136, 176, 0, 0, 1.05%, 0, 0, 8, 16526.55
1549841749, 1116, 108, 176, 0, 0, 1.05%, 0, 0, 8, 15388.82
1549841754, 1118, 113, 176, 0, 0, 1.05%, 0, 0, 8, 15760.67
1549841759, 1120, 107, 176, 0, 0, 1.05%, 0, 0, 8, 15974.28
1549841764, 1122, 106, 176, 0, 0, 1.05%, 0, 0, 8, 15947.49
1549841769, 1124, 95, 176, 0, 0, 1.05%, 0, 0, 8, 16465.39
1549841775, 1126, 45, 176, 0, 0, 1.05%, 0, 0, 8, 15646.21
1549841780, 1128, 36, 176, 0, 0, 1.05%, 0, 0, 8, 15486.20
1549841785, 1130, 32, 176, 0, 0, 1.05%, 0, 0, 8, 15772.77
1549841790, 1131, 149, 176, 0, 0, 1.05%, 0, 0, 8, 15170.97
1549841795, 1133, 135, 176, 0, 0, 1.05%, 0, 0, 8, 15187.16
1549841800, 1135, 108, 176, 0, 0, 1.05%, 0, 0, 8, 14935.25
1549841805, 1137, 45, 176, 0, 0, 1.05%, 0, 0, 8, 15598.88
1549841810, 1139, 12, 176, 0, 0, 1.05%, 0, 0, 8, 15615.85
1549841815, 1140, 135, 176, 0, 0, 1.05%, 0, 0, 8, 15290.82
1549841820, 1142, 136, 176, 0, 0, 1.05%, 0, 0, 8, 15577.48
1549841825, 1144, 113, 176, 0, 0, 1.05%, 0, 0, 8, 15645.45
1549841831, 1146, 45, 176, 0, 0, 1.05%, 0, 0, 8, 15989.58
1549841836, 1148, 12, 176, 0, 0, 1.05%, 0, 0, 8, 15761.77
1549841841, 1149, 175, 176, 0, 0, 1.05%, 0, 0, 8, 15776.26
1549841846, 1151, 146, 176, 0, 0, 1.05%, 0, 0, 8, 15735.29
1549841851, 1153, 135, 176, 0, 0, 1.05%, 0, 0, 8, 15631.05
1549841856, 1155, 113, 176, 0, 0, 1.05%, 0, 0, 8, 16138.33
1549841861, 1157, 29, 176, 0, 0, 1.05%, 0, 0, 8, 15496.12
1549841866, 1158, 167, 176, 0, 0, 1.05%, 0, 0, 8, 15990.80
1549841871, 1160, 84, 176, 0, 0, 1.05%, 0, 0, 8, 16177.88
1549841876, 1162, 29, 176, 0, 0, 1.05%, 0, 0, 8, 15828.97
1549841881, 1163, 169, 176, 0, 0, 1.05%, 0, 0, 8, 15713.59
1549841887, 1165, 146, 176, 0, 0, 1.05%, 0, 0, 8, 15305.91
1549841892, 1167, 114, 176, 0, 0, 1.05%, 0, 0, 8, 16008.22
1549841897, 1169, 149, 176, 0, 0, 1.05%, 0, 0, 8, 16016.78
1549841902, 1171, 150, 176, 0, 0, 1.05%, 0, 0, 8, 16258.25
1549841907, 1173, 136, 176, 0, 0, 1.05%, 0, 0, 8, 15633.55
1549841912, 1175, 94, 176, 0, 0, 1.05%, 0, 0, 8, 15604.14
1549841917, 1177, 45, 176, 0, 0, 1.05%, 0, 0, 8, 16441.04
1549841922, 1179, 36, 176, 0, 0, 1.05%, 0, 0, 8, 15511.64
1549841927, 1181, 32, 176, 0, 0, 1.05%, 0, 0, 8, 16190.53
1549841932, 1183, 19, 176, 0, 0, 1.05%, 0, 0, 8, 16161.46
1549841937, 1184, 157, 176, 0, 0, 1.05%, 0, 0, 8, 15995.19
1549841943, 1187, 10, 176, 0, 0, 1.05%, 0, 0, 8, 16090.05
1549841948, 1189, 7, 176, 0, 0, 1.05%, 0, 0, 8, 15394.41
1549841953, 1190, 168, 176, 0, 0, 1.05%, 0, 0, 8, 15799.27
1549841958, 1192, 135, 177, 1, 0, 1.05%, 0, 0, 9, 15711.01
1549841963, 1192, 176, 177, 1, 0, 1.05%, 0, 0, 9, 14352.97
1549841973, 1193, 32, 177, 0, 0, 1.05%, 0, 0, 9, 15265.48
1549841978, 1195, 7, 177, 0, 0, 1.05%, 0, 0, 9, 15171.06
1549841983, 1196, 135, 177, 0, 0, 1.05%, 0, 0, 9, 15636.87
1549841988, 1198, 50, 177, 0, 0, 1.05%, 0, 0, 9, 15956.13
1549841993, 1200, 1, 177, 0, 0, 1.05%, 0, 0, 9, 15816.18
1549841998, 1201, 81, 177, 0, 0, 1.05%, 0, 0, 9, 15297.74
1549842003, 1203, 92, 177, 0, 0, 1.05%, 0, 0, 9, 16041.55
1549842009, 1205, 50, 177, 0, 0, 1.05%, 0, 0, 9, 16173.82
1549842014, 1207, 26, 177, 0, 0, 1.05%, 0, 0, 9, 16262.11
1549842019, 1208, 149, 177, 0, 0, 1.05%, 0, 0, 9, 16480.79
1549842024, 1210, 117, 177, 0, 0, 1.05%, 0, 0, 9, 16463.37
1549842029, 1212, 136, 177, 0, 0, 1.05%, 0, 0, 9, 15791.83
1549842034, 1214, 94, 177, 0, 0, 1.05%, 0, 0, 9, 14706.15
1549842039, 1216, 33, 177, 0, 0, 1.05%, 0, 0, 9, 14746.27
1549842044, 1218, 10, 177, 0, 0, 1.05%, 0, 0, 9, 15013.11
1549842049, 1220, 8, 177, 0, 0, 1.05%, 0, 0, 9, 15461.54
1549842054, 1221, 166, 177, 0, 0, 1.05%, 0, 0, 9, 15583.68
1549842059, 1224, 7, 177, 0, 0, 1.05%, 0, 0, 9, 16107.16
1549842065, 1226, 10, 177, 0, 0, 1.05%, 0, 0, 9, 15831.68
1549842070, 1227, 146, 177, 0, 0, 1.05%, 0, 0, 9, 14964.36
1549842075, 1229, 114, 177, 0, 0, 1.05%, 0, 0, 9, 14321.00
1549842080, 1231, 79, 177, 0, 0, 1.05%, 0, 0, 9, 15620.02
1549842085, 1233, 48, 177, 0, 0, 1.05%, 0, 0, 9, 15508.32
1549842090, 1235, 7, 177, 0, 0, 1.05%, 0, 0, 9, 15786.80
1549842095, 1236, 104, 177, 0, 0, 1.05%, 0, 0, 9, 16077.77
1549842100, 1237, 175, 177, 0, 0, 1.05%, 0, 0, 9, 15461.77
1549842105, 1239, 105, 177, 0, 0, 1.05%, 0, 0, 9, 15070.27
1549842110, 1241, 33, 177, 0, 0, 1.05%, 0, 0, 9, 15548.88
1549842116, 1243, 10, 177, 0, 0, 1.05%, 0, 0, 9, 15339.30
1549842121, 1245, 10, 177, 0, 0, 1.05%, 0, 0, 9, 15365.17
1549842126, 1247, 19, 177, 0, 0, 1.05%, 0, 0, 9, 16127.20
1549842131, 1248, 159, 177, 0, 0, 1.05%, 0, 0, 9, 15968.31
1549842136, 1250, 108, 177, 0, 0, 1.05%, 0, 0, 9, 15625.83
1549842141, 1252, 103, 177, 0, 0, 1.05%, 0, 0, 9, 15548.66
1549842146, 1254, 33, 177, 0, 0, 1.05%, 0, 0, 9, 15603.38
1549842151, 1256, 33, 177, 0, 0, 1.05%, 0, 0, 9, 15720.83
1549842156, 1258, 2, 177, 0, 0, 1.05%, 0, 0, 9, 15697.94
1549842161, 1259, 138, 177, 0, 0, 1.05%, 0, 0, 9, 15285.81
1549842166, 1261, 117, 177, 0, 0, 1.05%, 0, 0, 9, 15526.78
1549842171, 1263, 113, 177, 0, 0, 1.05%, 0, 0, 9, 16137.25
1549842177, 1265, 45, 177, 0, 0, 1.05%, 0, 0, 9, 15234.39
1549842182, 1267, 29, 177, 0, 0, 1.05%, 0, 0, 9, 15629.87
1549842187, 1269, 10, 177, 0, 0, 1.05%, 0, 0, 9, 15598.31
1549842192, 1270, 153, 177, 0, 0, 1.05%, 0, 0, 9, 15371.17
1549842197, 1272, 146, 177, 0, 0, 1.05%, 0, 0, 9, 15662.07
1549842202, 1274, 146, 177, 0, 0, 1.05%, 0, 0, 9, 15594.14
1549842207, 1276, 137, 177, 0, 0, 1.05%, 0, 0, 9, 15623.78
1549842212, 1278, 48, 177, 0, 0, 1.05%, 0, 0, 9, 15891.36
1549842217, 1280, 32, 177, 0, 0, 1.05%, 0, 0, 9, 16137.02
1549842222, 1282, 48, 177, 0, 0, 1.05%, 0, 0, 9, 16441.51
1549842227, 1284, 30, 177, 0, 0, 1.05%, 0, 0, 9, 16105.18
1549842233, 1286, 7, 177, 0, 0, 1.05%, 0, 0, 9, 15749.14
1549842238, 1287, 146, 177, 0, 0, 1.05%, 0, 0, 9, 15495.97
1549842243, 1289, 146, 177, 0, 0, 1.05%, 0, 0, 9, 15617.16
1549842248, 1291, 113, 177, 0, 0, 1.05%, 0, 0, 9, 16410.64
1549842253, 1293, 94, 177, 0, 0, 1.05%, 0, 0, 9, 15725.89
1549842258, 1295, 31, 177, 0, 0, 1.05%, 0, 0, 9, 16111.39
1549842263, 1297, 32, 177, 0, 0, 1.05%, 0, 0, 9, 16395.38
1549842268, 1299, 29, 177, 0, 0, 1.05%, 0, 0, 9, 16082.40
1549842273, 1300, 168, 177, 0, 0, 1.05%, 0, 0, 9, 15828.48
1549842278, 1302, 124, 177, 0, 0, 1.05%, 0, 0, 9, 16014.78
1549842283, 1304, 109, 177, 0, 0, 1.05%, 0, 0, 9, 16033.54
1549842288, 1306, 113, 177, 0, 0, 1.05%, 0, 0, 9, 16091.26
1549842294, 1308, 105, 177, 0, 0, 1.05%, 0, 0, 9, 16070.07
1549842299, 1310, 50, 177, 0, 0, 1.05%, 0, 0, 9, 15945.10
1549842304, 1312, 96, 177, 0, 0, 1.05%, 0, 0, 9, 15907.31
1549842309, 1314, 45, 177, 0, 0, 1.05%, 0, 0, 9, 15001.33
1549842314, 1316, 29, 177, 0, 0, 1.05%, 0, 0, 9, 14451.11
1549842319, 1318, 26, 177, 0, 0, 1.05%, 0, 0, 9, 15615.64
1549842324, 1320, 30, 177, 0, 0, 1.05%, 0, 0, 9, 15991.72
1549842329, 1322, 29, 177, 0, 0, 1.05%, 0, 0, 9, 16278.87
1549842334, 1324, 19, 177, 0, 0, 1.05%, 0, 0, 9, 15800.16
1549842339, 1326, 26, 177, 0, 0, 1.05%, 0, 0, 9, 15694.37
1549842344, 1327, 135, 177, 0, 0, 1.05%, 0, 0, 9, 15971.32
1549842349, 1329, 137, 177, 0, 0, 1.05%, 0, 0, 9, 15918.57
1549842354, 1331, 114, 177, 0, 0, 1.05%, 0, 0, 9, 15010.16
1549842360, 1333, 50, 177, 0, 0, 1.05%, 0, 0, 9, 14961.92
1549842365, 1335, 5, 177, 0, 0, 1.05%, 0, 0, 9, 15729.48
1549842370, 1336, 149, 177, 0, 0, 1.05%, 0, 0, 9, 14979.35
1549842375, 1338, 36, 177, 0, 0, 1.05%, 0, 0, 9, 15373.34
1549842380, 1340, 32, 177, 0, 0, 1.05%, 0, 0, 9, 16169.55
1549842385, 1342, 30, 177, 0, 0, 1.05%, 0, 0, 9, 15692.27
1549842390, 1344, 19, 177, 0, 0, 1.05%, 0, 0, 9, 15049.48
1549842395, 1345, 151, 177, 0, 0, 1.05%, 0, 0, 9, 15179.09
1549842400, 1348, 7, 177, 0, 0, 1.05%, 0, 0, 9, 16280.65
1549842405, 1349, 166, 177, 0, 0, 1.05%, 0, 0, 9, 16453.93
1549842410, 1351, 106, 177, 0, 0, 1.05%, 0, 0, 9, 15433.34
1549842415, 1353, 103, 177, 0, 0, 1.05%, 0, 0, 9, 15591.07
1549842421, 1355, 103, 177, 0, 0, 1.05%, 0, 0, 9, 16003.73
1549842426, 1357, 107, 177, 0, 0, 1.05%, 0, 0, 9, 16057.43
1549842431, 1359, 113, 177, 0, 0, 1.05%, 0, 0, 9, 15980.76
1549842436, 1361, 107, 177, 0, 0, 1.05%, 0, 0, 9, 15556.73
1549842441, 1363, 103, 177, 0, 0, 1.05%, 0, 0, 9, 16014.05
1549842446, 1365, 94, 177, 0, 0, 1.05%, 0, 0, 9, 16121.70
1549842451, 1367, 26, 177, 0, 0, 1.05%, 0, 0, 9, 15727.66
1549842456, 1368, 173, 177, 0, 0, 1.05%, 0, 0, 9, 15798.99
1549842461, 1370, 146, 177, 0, 0, 1.05%, 0, 0, 9, 15883.99
1549842466, 1372, 91, 177, 0, 0, 1.05%, 0, 0, 9, 15861.49
1549842471, 1374, 45, 177, 0, 0, 1.05%, 0, 0, 9, 15700.82
1549842477, 1376, 36, 177, 0, 0, 1.05%, 0, 0, 9, 15858.78
1549842482, 1378, 32, 177, 0, 0, 1.05%, 0, 0, 9, 15711.11
1549842487, 1380, 29, 177, 0, 0, 1.05%, 0, 0, 9, 15730.11
1549842492, 1381, 166, 177, 0, 0, 1.05%, 0, 0, 9, 15460.06
1549842497, 1384, 7, 177, 0, 0, 1.05%, 0, 0, 9, 16177.17
1549842502, 1386, 7, 177, 0, 0, 1.05%, 0, 0, 9, 16279.52
1549842507, 1387, 146, 177, 0, 0, 1.05%, 0, 0, 9, 16231.68
1549842512, 1389, 146, 177, 0, 0, 1.05%, 0, 0, 9, 15934.18
1549842517, 1391, 147, 177, 0, 0, 1.05%, 0, 0, 9, 15663.70
1549842522, 1393, 146, 177, 0, 0, 1.05%, 0, 0, 9, 15696.66
1549842527, 1395, 100, 177, 0, 0, 1.05%, 0, 0, 9, 15997.31
1549842533, 1397, 51, 177, 0, 0, 1.05%, 0, 0, 9, 15630.42
1549842538, 1399, 71, 177, 0, 0, 1.05%, 0, 0, 9, 15642.89
1549842543, 1401, 52, 177, 0, 0, 1.05%, 0, 0, 9, 15715.86
1549842548, 1403, 50, 177, 0, 0, 1.05%, 0, 0, 9, 15902.59
1549842553, 1405, 33, 177, 0, 0, 1.05%, 0, 0, 9, 15867.16
1549842558, 1406, 168, 177, 0, 0, 1.05%, 0, 0, 9, 15725.29
1549842563, 1408, 138, 177, 0, 0, 1.05%, 0, 0, 9, 15853.11
1549842568, 1410, 135, 177, 0, 0, 1.05%, 0, 0, 9, 15759.37
1549842573, 1412, 135, 177, 0, 0, 1.05%, 0, 0, 9, 15485.84
1549842578, 1414, 140, 177, 0, 0, 1.05%, 0, 0, 9, 15800.30
1549842583, 1416, 147, 177, 0, 0, 1.05%, 0, 0, 9, 15749.61
1549842588, 1418, 136, 177, 0, 0, 1.05%, 0, 0, 9, 16102.35
1549842594, 1420, 113, 177, 0, 0, 1.05%, 0, 0, 9, 15735.24
1549842599, 1422, 105, 177, 0, 0, 1.05%, 0, 0, 9, 15902.48
1549842604, 1424, 48, 177, 0, 0, 1.05%, 0, 0, 9, 15606.19
1549842609, 1426, 51, 177, 0, 0, 1.05%, 0, 0, 9, 15253.34
1549842614, 1428, 50, 177, 0, 0, 1.05%, 0, 0, 9, 15791.39
1549842619, 1430, 45, 177, 0, 0, 1.05%, 0, 0, 9, 15992.31
1549842624, 1432, 36, 177, 0, 0, 1.05%, 0, 0, 9, 16122.88
1549842629, 1434, 32, 177, 0, 0, 1.05%, 0, 0, 9, 16078.71
1549842634, 1436, 30, 177, 0, 0, 1.05%, 0, 0, 9, 15408.75
1549842639, 1438, 29, 177, 0, 0, 1.05%, 0, 0, 9, 16338.60
1549842644, 1440, 26, 177, 0, 0, 1.05%, 0, 0, 9, 16171.32
1549842649, 1442, 10, 177, 0, 0, 1.05%, 0, 0, 9, 16029.13
1549842654, 1443, 135, 177, 0, 0, 1.05%, 0, 0, 9, 15126.10
1549842660, 1445, 103, 177, 0, 0, 1.05%, 0, 0, 9, 15463.49
1549842665, 1447, 30, 177, 0, 0, 1.05%, 0, 0, 9, 14790.21
1549842670, 1449, 32, 177, 0, 0, 1.05%, 0, 0, 9, 15612.10
1549842675, 1451, 32, 177, 0, 0, 1.05%, 0, 0, 9, 16312.32
1549842680, 1453, 29, 177, 0, 0, 1.05%, 0, 0, 9, 16134.26
1549842685, 1454, 176, 177, 0, 0, 1.05%, 0, 0, 9, 15489.38
1549842690, 1456, 117, 177, 0, 0, 1.05%, 0, 0, 9, 14797.06
1549842695, 1458, 103, 177, 0, 0, 1.05%, 0, 0, 9, 14187.72
1549842700, 1460, 19, 177, 0, 0, 1.05%, 0, 0, 9, 15661.46
1549842705, 1462, 7, 177, 0, 0, 1.05%, 0, 0, 9, 15867.83
1549842710, 1463, 146, 177, 0, 0, 1.05%, 0, 0, 9, 15486.89
1549842716, 1465, 133, 177, 0, 0, 1.05%, 0, 0, 9, 15793.65
1549842721, 1467, 105, 177, 0, 0, 1.05%, 0, 0, 9, 16109.03
1549842726, 1469, 89, 177, 0, 0, 1.05%, 0, 0, 9, 15498.67
1549842731, 1471, 32, 177, 0, 0, 1.05%, 0, 0, 9, 15788.81
1549842736, 1473, 26, 177, 0, 0, 1.05%, 0, 0, 9, 16085.11
1549842741, 1475, 12, 177, 0, 0, 1.05%, 0, 0, 9, 15869.18
1549842746, 1476, 149, 177, 0, 0, 1.05%, 0, 0, 9, 15533.60
1549842751, 1478, 45, 177, 0, 0, 1.05%, 0, 0, 9, 16184.78
1549842756, 1480, 33, 177, 0, 0, 1.05%, 0, 0, 9, 16200.67
1549842761, 1482, 19, 177, 0, 0, 1.05%, 0, 0, 9, 15519.66
1549842766, 1483, 166, 177, 0, 0, 1.05%, 0, 0, 9, 15950.45
1549842772, 1485, 58, 177, 0, 0, 1.05%, 0, 0, 9, 14221.55
1549842777, 1487, 36, 177, 0, 0, 1.05%, 0, 0, 9, 14935.45
1549842782, 1488, 150, 177, 0, 0, 1.05%, 0, 0, 9, 14682.40
1549842787, 1490, 149, 177, 0, 0, 1.05%, 0, 0, 9, 15876.01
1549842792, 1492, 135, 177, 0, 0, 1.05%, 0, 0, 9, 15629.11
1549842797, 1494, 136, 177, 0, 0, 1.05%, 0, 0, 9, 15960.70
1549842802, 1496, 103, 177, 0, 0, 1.05%, 0, 0, 9, 16029.62
1549842807, 1498, 36, 177, 0, 0, 1.05%, 0, 0, 9, 15197.15
1549842812, 1500, 26, 177, 0, 0, 1.05%, 0, 0, 9, 15225.40
1549842817, 1502, 13, 177, 0, 0, 1.05%, 0, 0, 9, 15780.42
1549842822, 1503, 149, 177, 0, 0, 1.05%, 0, 0, 9, 15632.39
1549842827, 1505, 146, 177, 0, 0, 1.05%, 0, 0, 9, 15926.28
1549842833, 1507, 49, 177, 0, 0, 1.05%, 0, 0, 9, 14948.84
1549842838, 1509, 29, 177, 0, 0, 1.05%, 0, 0, 9, 15424.44
1549842843, 1510, 176, 177, 0, 0, 1.05%, 0, 0, 9, 15096.71
1549842851, 1512, 36, 177, 0, 0, 1.05%, 0, 0, 9, 39.24
1549842856, 1514, 36, 177, 0, 0, 1.05%, 0, 0, 9, 16079.46
1549842861, 1516, 26, 177, 0, 0, 1.05%, 0, 0, 9, 15899.31
1549842866, 1518, 26, 177, 0, 0, 1.05%, 0, 0, 9, 16130.29
1549842871, 1520, 10, 177, 0, 0, 1.05%, 0, 0, 9, 15733.55
1549842877, 1521, 150, 177, 0, 0, 1.05%, 0, 0, 9, 15904.91
1549842882, 1523, 143, 177, 0, 0, 1.05%, 0, 0, 9, 15999.05
1549842887, 1525, 117, 177, 0, 0, 1.05%, 0, 0, 9, 15462.63
1549842892, 1527, 115, 177, 0, 0, 1.05%, 0, 0, 9, 15689.64
1549842897, 1529, 113, 177, 0, 0, 1.05%, 0, 0, 9, 15558.42
1549842902, 1531, 108, 177, 0, 0, 1.05%, 0, 0, 9, 15346.36
1549842907, 1533, 45, 177, 0, 0, 1.05%, 0, 0, 9, 15136.38
1549842912, 1535, 32, 177, 0, 0, 1.05%, 0, 0, 9, 15497.97
1549842917, 1537, 12, 177, 0, 0, 1.05%, 0, 0, 9, 15521.34
1549842922, 1538, 149, 177, 0, 0, 1.05%, 0, 0, 9, 14292.25
1549842927, 1540, 135, 177, 0, 0, 1.05%, 0, 0, 9, 14112.96
1549842933, 1542, 105, 177, 0, 0, 1.05%, 0, 0, 9, 14050.38
1549842938, 1544, 19, 177, 0, 0, 1.05%, 0, 0, 9, 14048.73
1549842943, 1545, 142, 177, 0, 0, 1.05%, 0, 0, 9, 14489.06
1549842948, 1547, 104, 177, 0, 0, 1.05%, 0, 0, 9, 14468.51
1549842953, 1549, 36, 177, 0, 0, 1.05%, 0, 0, 9, 13984.52
1549842958, 1551, 7, 177, 0, 0, 1.05%, 0, 0, 9, 14500.14
1549842963, 1552, 114, 177, 0, 0, 1.05%, 0, 0, 9, 14092.59
1549842968, 1554, 103, 177, 0, 0, 1.05%, 0, 0, 9, 14618.56
1549842973, 1556, 32, 177, 0, 0, 1.05%, 0, 0, 9, 14586.05
1549842979, 1557, 149, 177, 0, 0, 1.05%, 0, 0, 9, 14438.18
1549842984, 1559, 114, 177, 0, 0, 1.05%, 0, 0, 9, 14362.00
1549842989, 1561, 51, 177, 0, 0, 1.05%, 0, 0, 9, 14082.41
1549842994, 1563, 34, 177, 0, 0, 1.05%, 0, 0, 9, 14288.93
1549842999, 1565, 19, 177, 0, 0, 1.05%, 0, 0, 9, 14052.42
1549843004, 1566, 150, 177, 0, 0, 1.05%, 0, 0, 9, 14367.13
1549843009, 1568, 135, 177, 0, 0, 1.05%, 0, 0, 9, 14846.08
1549843014, 1570, 107, 177, 0, 0, 1.05%, 0, 0, 9, 14662.19
1549843019, 1572, 50, 177, 0, 0, 1.05%, 0, 0, 9, 14533.64
1549843024, 1574, 26, 177, 0, 0, 1.05%, 0, 0, 9, 14284.04
1549843029, 1575, 146, 177, 0, 0, 1.05%, 0, 0, 9, 14716.53
1549843034, 1577, 135, 177, 0, 0, 1.05%, 0, 0, 9, 14546.22
1549843040, 1579, 105, 177, 0, 0, 1.05%, 0, 0, 9, 14455.19
1549843045, 1581, 74, 177, 0, 0, 1.05%, 0, 0, 9, 14819.90
1549843050, 1583, 12, 177, 0, 0, 1.05%, 0, 0, 9, 13951.60
1549843055, 1584, 135, 177, 0, 0, 1.05%, 0, 0, 9, 14191.13
1549843060, 1586, 48, 177, 0, 0, 1.05%, 0, 0, 9, 14384.77
1549843065, 1588, 26, 177, 0, 0, 1.05%, 0, 0, 9, 14511.01
1549843070, 1590, 19, 177, 0, 0, 1.05%, 0, 0, 9, 14846.71
1549843075, 1591, 138, 177, 0, 0, 1.05%, 0, 0, 9, 14259.70
1549843080, 1593, 103, 177, 0, 0, 1.05%, 0, 0, 9, 14445.11
1549843085, 1595, 48, 177, 0, 0, 1.05%, 0, 0, 9, 14620.06
1549843090, 1597, 32, 177, 0, 0, 1.05%, 0, 0, 9, 14498.18
1549843096, 1598, 143, 177, 0, 0, 1.05%, 0, 0, 9, 14028.69
1549843101, 1600, 105, 177, 0, 0, 1.05%, 0, 0, 9, 14026.34
1549843106, 1602, 29, 177, 0, 0, 1.05%, 0, 0, 9, 13740.66
1549843111, 1604, 19, 177, 0, 0, 1.05%, 0, 0, 9, 14270.79
1549843116, 1605, 136, 177, 0, 0, 1.05%, 0, 0, 9, 13589.44
1549843121, 1607, 104, 177, 0, 0, 1.05%, 0, 0, 9, 14270.16
1549843126, 1609, 19, 177, 0, 0, 1.05%, 0, 0, 9, 14545.59
1549843131, 1610, 150, 177, 0, 0, 1.05%, 0, 0, 9, 14360.93
1549843136, 1612, 135, 177, 0, 0, 1.05%, 0, 0, 9, 14676.36
1549843141, 1614, 103, 177, 0, 0, 1.05%, 0, 0, 9, 14446.03
1549843147, 1616, 45, 177, 0, 0, 1.05%, 0, 0, 9, 14904.15
1549843152, 1618, 25, 177, 0, 0, 1.05%, 0, 0, 9, 14548.50
1549843157, 1619, 136, 177, 0, 0, 1.05%, 0, 0, 9, 14130.36
1549843162, 1621, 106, 177, 0, 0, 1.05%, 0, 0, 9, 13984.31
1549843167, 1623, 26, 177, 0, 0, 1.05%, 0, 0, 9, 14099.38
1549843172, 1624, 150, 177, 0, 0, 1.05%, 0, 0, 9, 13773.42
1549843177, 1626, 136, 177, 0, 0, 1.05%, 0, 0, 9, 14598.00
1549843182, 1628, 51, 177, 0, 0, 1.05%, 0, 0, 9, 14416.47
1549843187, 1630, 36, 177, 0, 0, 1.05%, 0, 0, 9, 14769.16
1549843192, 1632, 21, 177, 0, 0, 1.05%, 0, 0, 9, 14274.69
1549843198, 1633, 146, 177, 0, 0, 1.05%, 0, 0, 9, 14478.10
1549843203, 1635, 107, 177, 0, 0, 1.05%, 0, 0, 9, 14394.70
1549843208, 1637, 50, 177, 0, 0, 1.05%, 0, 0, 9, 14149.57
1549843213, 1639, 45, 177, 0, 0, 1.05%, 0, 0, 9, 14697.92
1549843218, 1641, 10, 177, 0, 0, 1.05%, 0, 0, 9, 14048.33
1549843223, 1642, 149, 177, 0, 0, 1.05%, 0, 0, 9, 14340.83
1549843228, 1644, 136, 177, 0, 0, 1.05%, 0, 0, 9, 14647.53
1549843233, 1646, 135, 177, 0, 0, 1.05%, 0, 0, 9, 14315.68
1549843238, 1648, 108, 177, 0, 0, 1.05%, 0, 0, 9, 14448.71
1549843243, 1650, 51, 177, 0, 0, 1.05%, 0, 0, 9, 14701.09
1549843248, 1652, 29, 177, 0, 0, 1.05%, 0, 0, 9, 14547.48
1549843254, 1653, 149, 177, 0, 0, 1.05%, 0, 0, 9, 13955.00
1549843259, 1655, 113, 177, 0, 0, 1.05%, 0, 0, 9, 14112.59
1549843264, 1657, 51, 177, 0, 0, 1.05%, 0, 0, 9, 14252.92
1549843269, 1659, 29, 177, 0, 0, 1.05%, 0, 0, 9, 14026.82
1549843274, 1660, 143, 177, 0, 0, 1.05%, 0, 0, 9, 14246.22
1549843279, 1662, 120, 177, 0, 0, 1.05%, 0, 0, 9, 14397.96
1549843284, 1664, 64, 177, 0, 0, 1.05%, 0, 0, 9, 14047.97
1549843289, 1666, 12, 177, 0, 0, 1.05%, 0, 0, 9, 14113.74
1549843294, 1667, 146, 177, 0, 0, 1.05%, 0, 0, 9, 13968.97
1549843299, 1669, 104, 177, 0, 0, 1.05%, 0, 0, 9, 14692.54
1549843304, 1671, 45, 177, 0, 0, 1.05%, 0, 0, 9, 14348.87
1549843309, 1673, 7, 177, 0, 0, 1.05%, 0, 0, 9, 14327.16
1549843315, 1674, 146, 177, 0, 0, 1.05%, 0, 0, 9, 14224.05
